0 0.82734375 0.72421875 0.16796875 0.1296875
0 0.83203125 0.215625 0.16953125 0.10078125
0 0.12578125 0.21953125 0.1640625 0.0875
0 0.83125 0.384375 0.16953125 0.0984375
0 0.459375 0.221875 0.134375 0.0828125
0 0.4703125 0.3703125 0.15703125 0.0859375
0 0.6390625 0.37421875 0.16015625 0.09375
0 0.4734375 0.5234375 0.15703125 0.0875
0 0.4671875 0.68671875 0.1484375 0.10390625
0 0.63828125 0.5328125 0.15078125 0.10078125
0 0.3046875 0.50625 0.1609375 0.09140625
0 0.12578125 0.496875 0.15625 0.07421875
0 0.1296875 0.36015625 0.159375 0.08125
0 0.65 0.21953125 0.1828125 0.0875
0 0.11015625 0.64296875 0.128125 0.08046875