0 0.17265625 0.27578125 0.16796875 0.1296875
0 0.16796875 0.784375 0.16953125 0.10078125
0 0.87421875 0.78046875 0.1640625 0.0875
0 0.16875 0.615625 0.16953125 0.0984375
0 0.540625 0.778125 0.134375 0.0828125
0 0.5296875 0.6296875 0.15703125 0.0859375
0 0.3609375 0.62578125 0.16015625 0.09375
0 0.5265625 0.4765625 0.15703125 0.0875
0 0.5328125 0.31328125 0.1484375 0.10390625
0 0.36171875 0.4671875 0.15078125 0.10078125
0 0.6953125 0.49375 0.1609375 0.09140625
0 0.87421875 0.503125 0.15625 0.07421875
0 0.8703125 0.63984375 0.159375 0.08125
0 0.35 0.78046875 0.1828125 0.0875
0 0.88984375 0.35703125 0.128125 0.08046875