0 0.41796875 0.88203125 0.08203125 0.23046875
0 0.6703125 0.38984375 0.075 0.2546875
0 0.675 0.8859375 0.08828125 0.22265625
0 0.0734375 0.6296875 0.078125 0.26015625
0 0.92265625 0.33125 0.08984375 0.27421875
0 0.55546875 0.66171875 0.078125 0.2796875
0 0.42734375 0.6265625 0.08671875 0.28203125
0 0.79296875 0.13984375 0.0765625 0.27421875
0 0.7984375 0.39375 0.09296875 0.24765625
0 0.303125 0.40546875 0.0796875 0.24765625
0 0.3046875 0.6484375 0.08359375 0.2375
0 0.1796875 0.903125 0.08203125 0.1890625
0 0.921875 0.09921875 0.08515625 0.1984375
0 0.1921875 0.38828125 0.0796875 0.25703125
0 0.4265625 0.3859375 0.075 0.21328125