0 0.58203125 0.88203125 0.08203125 0.23046875
0 0.3296875 0.38984375 0.075 0.2546875
0 0.325 0.8859375 0.08828125 0.22265625
0 0.9265625 0.6296875 0.078125 0.26015625
0 0.07734375 0.33125 0.08984375 0.27421875
0 0.44453125 0.66171875 0.078125 0.2796875
0 0.57265625 0.6265625 0.08671875 0.28203125
0 0.20703125 0.13984375 0.0765625 0.27421875
0 0.2015625 0.39375 0.09296875 0.24765625
0 0.696875 0.40546875 0.0796875 0.24765625
0 0.6953125 0.6484375 0.08359375 0.2375
0 0.8203125 0.903125 0.08203125 0.1890625
0 0.078125 0.09921875 0.08515625 0.1984375
0 0.8078125 0.38828125 0.0796875 0.25703125
0 0.5734375 0.3859375 0.075 0.21328125