0 0.50546875 0.4296875 0.5109375 0.11171875
0 0.153125 0.6046875 0.30546875 0.0734375
0 0.37109375 0.81796875 0.38203125 0.05703125
0 0.8421875 0.87578125 0.25625 0.040625
0 0.44609375 0.72421875 0.31015625 0.04921875
0 0.1421875 0.87265625 0.2828125 0.0359375
0 0.1203125 0.12421875 0.23984375 0.178125
0 0.60078125 0.60625 0.384375 0.07578125
0 0.721875 0.12265625 0.55625 0.20234375
0 0.83203125 0.7296875 0.33515625 0.059375
0 0.12109375 0.72890625 0.2421875 0.059375
0 0.06171875 0.81640625 0.12265625 0.0578125
0 0.934375 0.4296875 0.13125 0.09453125
0 0.090625 0.4140625 0.18125 0.084375
0 0.81328125 0.81796875 0.371875 0.05703125
0 0.50078125 0.88203125 0.30390625 0.053125
0 0.9375 0.61171875 0.1234375 0.07265625