0 0.49453125 0.5703125 0.5109375 0.11171875
0 0.846875 0.3953125 0.30546875 0.0734375
0 0.62890625 0.18203125 0.38203125 0.05703125
0 0.1578125 0.12421875 0.25625 0.040625
0 0.55390625 0.27578125 0.31015625 0.04921875
0 0.8578125 0.12734375 0.2828125 0.0359375
0 0.8796875 0.87578125 0.23984375 0.178125
0 0.39921875 0.39375 0.384375 0.07578125
0 0.278125 0.87734375 0.55625 0.20234375
0 0.16796875 0.2703125 0.33515625 0.059375
0 0.87890625 0.27109375 0.2421875 0.059375
0 0.93828125 0.18359375 0.12265625 0.0578125
0 0.065625 0.5703125 0.13125 0.09453125
0 0.909375 0.5859375 0.18125 0.084375
0 0.18671875 0.18203125 0.371875 0.05703125
0 0.49921875 0.11796875 0.30390625 0.053125
0 0.0625 0.38828125 0.1234375 0.07265625