0 0.0734375 0.1890625 0.14609375 0.1109375
0 0.28046875 0.1703125 0.2109375 0.1125
0 0.7453125 0.1703125 0.20546875 0.115625
0 0.51796875 0.16328125 0.2171875 0.115625
0 0.5109375 0.3625 0.215625 0.13046875
0 0.746875 0.365625 0.20546875 0.128125
0 0.5078125 0.56015625 0.2109375 0.134375
0 0.075 0.559375 0.15 0.128125
0 0.075 0.3671875 0.14765625 0.134375
0 0.740625 0.55859375 0.19921875 0.13359375
0 0.7375 0.92578125 0.19609375 0.14296875
0 0.078125 0.74140625 0.15546875 0.1390625
0 0.96015625 0.1671875 0.078125 0.109375
0 0.28046875 0.5609375 0.2140625 0.1359375
0 0.7375 0.746875 0.19453125 0.1390625
0 0.275 0.359375 0.21640625 0.14296875
0 0.5171875 0.7515625 0.2109375 0.14140625
0 0.284375 0.75 0.21015625 0.1390625
0 0.2890625 0.925 0.20703125 0.146875
0 0.95625 0.72890625 0.08671875 0.1140625
0 0.96015625 0.353125 0.078125 0.125
0 0.9515625 0.8828125 0.09453125 0.1484375
0 0.95859375 0.53515625 0.08125 0.12890625
0 0.084375 0.915625 0.16171875 0.146875
0 0.5078125 0.92890625 0.20546875 0.1390625