0 0.9265625 0.8109375 0.14609375 0.1109375
0 0.71953125 0.8296875 0.2109375 0.1125
0 0.2546875 0.8296875 0.20546875 0.115625
0 0.48203125 0.83671875 0.2171875 0.115625
0 0.4890625 0.6375 0.215625 0.13046875
0 0.253125 0.634375 0.20546875 0.128125
0 0.4921875 0.43984375 0.2109375 0.134375
0 0.925 0.440625 0.15 0.128125
0 0.925 0.6328125 0.14765625 0.134375
0 0.259375 0.44140625 0.19921875 0.13359375
0 0.2625 0.07421875 0.19609375 0.14296875
0 0.921875 0.25859375 0.15546875 0.1390625
0 0.03984375 0.8328125 0.078125 0.109375
0 0.71953125 0.4390625 0.2140625 0.1359375
0 0.2625 0.253125 0.19453125 0.1390625
0 0.725 0.640625 0.21640625 0.14296875
0 0.4828125 0.2484375 0.2109375 0.14140625
0 0.715625 0.25 0.21015625 0.1390625
0 0.7109375 0.075 0.20703125 0.146875
0 0.04375 0.27109375 0.08671875 0.1140625
0 0.03984375 0.646875 0.078125 0.125
0 0.0484375 0.1171875 0.09453125 0.1484375
0 0.04140625 0.46484375 0.08125 0.12890625
0 0.915625 0.084375 0.16171875 0.146875
0 0.4921875 0.07109375 0.20546875 0.1390625