0 0.484375 0.0484375 0.19140625 0.096875
0 0.15078125 0.50390625 0.2375 0.1109375
0 0.1703125 0.19453125 0.18515625 0.103125
0 0.1671875 0.0484375 0.215625 0.096875
0 0.80625 0.67734375 0.2171875 0.1234375
0 0.790625 0.053125 0.21640625 0.09453125
0 0.1796875 0.35859375 0.2125 0.09140625
0 0.6265625 0.903125 0.3078125 0.190625
0 0.4828125 0.35859375 0.18671875 0.096875
0 0.8328125 0.8453125 0.21484375 0.12890625
0 0.8078125 0.5234375 0.20703125 0.1
0 0.46875 0.678125 0.1859375 0.103125
0 0.48671875 0.203125 0.18125 0.0890625
0 0.80859375 0.2046875 0.1953125 0.09609375
0 0.8078125 0.36015625 0.2234375 0.10390625
0 0.15625 0.65625 0.25390625 0.1234375
0 0.484375 0.51484375 0.20234375 0.10390625