0 0.515625 0.0484375 0.19140625 0.096875
0 0.84921875 0.50390625 0.2375 0.1109375
0 0.8296875 0.19453125 0.18515625 0.103125
0 0.8328125 0.0484375 0.215625 0.096875
0 0.19375 0.67734375 0.2171875 0.1234375
0 0.209375 0.053125 0.21640625 0.09453125
0 0.8203125 0.35859375 0.2125 0.09140625
0 0.3734375 0.903125 0.3078125 0.190625
0 0.5171875 0.35859375 0.18671875 0.096875
0 0.1671875 0.8453125 0.21484375 0.12890625
0 0.1921875 0.5234375 0.20703125 0.1
0 0.53125 0.678125 0.1859375 0.103125
0 0.51328125 0.203125 0.18125 0.0890625
0 0.19140625 0.2046875 0.1953125 0.09609375
0 0.1921875 0.36015625 0.2234375 0.10390625
0 0.84375 0.65625 0.25390625 0.1234375
0 0.515625 0.51484375 0.20234375 0.10390625