0 0.85859375 0.50703125 0.1078125 0.1640625
0 0.21484375 0.53671875 0.06484375 0.1703125
0 0.75859375 0.5015625 0.07265625 0.15390625
0 0.82265625 0.34765625 0.06015625 0.1203125
0 0.11640625 0.5453125 0.07265625 0.1671875
0 0.4 0.53359375 0.06484375 0.1703125
0 0.67734375 0.50703125 0.075 0.1640625
0 0.1359375 0.38125 0.07265625 0.140625
0 0.29609375 0.5515625 0.0625 0.1671875
0 0.4078125 0.34609375 0.06015625 0.15078125
0 0.4890625 0.53046875 0.0671875 0.1640625
0 0.55859375 0.5265625 0.0625 0.17734375
0 0.9078125 0.34453125 0.0796875 0.146875
0 0.74140625 0.33125 0.0578125 0.13359375
0 0.95625 0.521875 0.0875 0.17421875