0 0.14140625 0.50703125 0.1078125 0.1640625
0 0.78515625 0.53671875 0.06484375 0.1703125
0 0.24140625 0.5015625 0.07265625 0.15390625
0 0.17734375 0.34765625 0.06015625 0.1203125
0 0.88359375 0.5453125 0.07265625 0.1671875
0 0.6 0.53359375 0.06484375 0.1703125
0 0.32265625 0.50703125 0.075 0.1640625
0 0.8640625 0.38125 0.07265625 0.140625
0 0.70390625 0.5515625 0.0625 0.1671875
0 0.5921875 0.34609375 0.06015625 0.15078125
0 0.5109375 0.53046875 0.0671875 0.1640625
0 0.44140625 0.5265625 0.0625 0.17734375
0 0.0921875 0.34453125 0.0796875 0.146875
0 0.25859375 0.33125 0.0578125 0.13359375
0 0.04375 0.521875 0.0875 0.17421875