0 0.53125 0.121875 0.27109375 0.146875
0 0.19765625 0.87578125 0.27109375 0.115625
0 0.83359375 0.43984375 0.253125 0.115625
0 0.82890625 0.746875 0.2625 0.1421875
0 0.1953125 0.73125 0.26640625 0.1109375
0 0.82890625 0.59296875 0.2625 0.1375
0 0.82890625 0.28671875 0.24453125 0.12890625
0 0.19296875 0.58203125 0.27109375 0.115625
0 0.5359375 0.4421875 0.27109375 0.1203125
0 0.53359375 0.59296875 0.2578125 0.1375
0 0.53125 0.28671875 0.24453125 0.12890625
0 0.53125 0.878125 0.2625 0.1203125
0 0.53125 0.73984375 0.2625 0.12890625
0 0.83125 0.88203125 0.2578125 0.1109375
0 0.19765625 0.43984375 0.27109375 0.115625
0 0.19765625 0.29140625 0.27109375 0.1203125