0 0.53125 0.878125 0.27109375 0.146875
0 0.19765625 0.12421875 0.27109375 0.115625
0 0.83359375 0.56015625 0.253125 0.115625
0 0.82890625 0.253125 0.2625 0.1421875
0 0.1953125 0.26875 0.26640625 0.1109375
0 0.82890625 0.40703125 0.2625 0.1375
0 0.82890625 0.71328125 0.24453125 0.12890625
0 0.19296875 0.41796875 0.27109375 0.115625
0 0.5359375 0.5578125 0.27109375 0.1203125
0 0.53359375 0.40703125 0.2578125 0.1375
0 0.53125 0.71328125 0.24453125 0.12890625
0 0.53125 0.121875 0.2625 0.1203125
0 0.53125 0.26015625 0.2625 0.12890625
0 0.83125 0.11796875 0.2578125 0.1109375
0 0.19765625 0.56015625 0.27109375 0.115625
0 0.19765625 0.70859375 0.27109375 0.1203125