0 0.28671875 0.94375 0.16875 0.08125
0 0.30234375 0.1453125 0.14765625 0.0703125
0 0.4640625 0.1328125 0.13984375 0.090625
0 0.1015625 0.14296875 0.15078125 0.078125
0 0.10625 0.33359375 0.15625 0.0796875
0 0.92421875 0.7265625 0.14921875 0.10390625
0 0.5890625 0.73359375 0.16796875 0.0921875
0 0.9359375 0.32578125 0.12578125 0.090625
0 0.6203125 0.1421875 0.16484375 0.0734375
0 0.2734375 0.33828125 0.14921875 0.0734375
0 0.93671875 0.1375 0.12421875 0.0734375
0 0.76484375 0.72578125 0.16484375 0.10546875
0 0.10546875 0.93125 0.16875 0.0953125
0 0.9265625 0.95 0.1453125 0.090625
0 0.7921875 0.33671875 0.13828125 0.0734375
0 0.41015625 0.32890625 0.1171875 0.0890625
0 0.7921875 0.1421875 0.16171875 0.0671875