0 0.44609375 0.20390625 0.1578125 0.13203125
0 0.6359375 0.175 0.14140625 0.13671875
0 0.31953125 0.30390625 0.1609375 0.11171875
0 0.4765625 0.7859375 0.20390625 0.16796875
0 0.87109375 0.215625 0.1546875 0.16484375
0 0.50390625 0.396875 0.16015625 0.1
0 0.6359375 0.4609375 0.1796875 0.0984375
0 0.5171875 0.57578125 0.1984375 0.175
0 0.15078125 0.634375 0.20390625 0.14140625
0 0.64921875 0.30078125 0.16875 0.13515625
0 0.87890625 0.4015625 0.1796875 0.16015625
0 0.2 0.44921875 0.1625 0.18828125
0 0.1796875 0.02890625 0.10625 0.0578125
0 0.25703125 0.0140625 0.08125 0.028125
0 0.75859375 0.57578125 0.19765625 0.13828125
0 0.35703125 0.590625 0.1265625 0.228125