0 0.87734375 0.90546875 0.22578125 0.13203125
0 0.12265625 0.51328125 0.23515625 0.134375
0 0.38671875 0.0875 0.2515625 0.16484375
0 0.3890625 0.509375 0.21875 0.13671875
0 0.12265625 0.90234375 0.23984375 0.153125
0 0.88125 0.50703125 0.2328125 0.13671875
0 0.63203125 0.7078125 0.21875 0.13203125
0 0.8796875 0.29453125 0.21640625 0.16953125
0 0.12734375 0.09296875 0.24921875 0.153125
0 0.12578125 0.7015625 0.246875 0.1390625
0 0.628125 0.909375 0.22578125 0.1390625
0 0.86796875 0.696875 0.23515625 0.1390625
0 0.38828125 0.70078125 0.23046875 0.15546875