0 0.12265625 0.09453125 0.22578125 0.13203125
0 0.87734375 0.48671875 0.23515625 0.134375
0 0.61328125 0.9125 0.2515625 0.16484375
0 0.6109375 0.490625 0.21875 0.13671875
0 0.87734375 0.09765625 0.23984375 0.153125
0 0.11875 0.49296875 0.2328125 0.13671875
0 0.36796875 0.2921875 0.21875 0.13203125
0 0.1203125 0.70546875 0.21640625 0.16953125
0 0.87265625 0.90703125 0.24921875 0.153125
0 0.87421875 0.2984375 0.246875 0.1390625
0 0.371875 0.090625 0.22578125 0.1390625
0 0.13203125 0.303125 0.23515625 0.1390625
0 0.61171875 0.29921875 0.23046875 0.15546875