0 0.615625 0.50546875 0.134375 0.1625
0 0.1984375 0.49140625 0.1421875 0.19765625
0 0.3640625 0.378125 0.1375 0.2453125
0 0.05546875 0.603125 0.1109375 0.15390625
0 0.1203125 0.2171875 0.16484375 0.2640625
0 0.415625 0.89921875 0.09296875 0.11875
0 0.85234375 0.3515625 0.16484375 0.17890625
0 0.58359375 0.71484375 0.1140625 0.1625
0 0.65078125 0.2265625 0.18125 0.25390625
0 0.39140625 0.6234375 0.11953125 0.1703125
0 0.4046875 0.77109375 0.103125 0.1328125
0 0.9078125 0.7109375 0.12578125 0.15
0 0.2390625 0.70078125 0.11953125 0.20390625
0 0.809375 0.95078125 0.09609375 0.09765625
0 0.29921875 0.94765625 0.08515625 0.10390625
0 0.28515625 0.83046875 0.09609375 0.12265625
0 0.0140625 0.39609375 0.028125 0.16015625
0 0.77734375 0.63203125 0.12890625 0.17890625
0 0.7390625 0.78359375 0.11953125 0.1125
0 0.58359375 0.87109375 0.09453125 0.11640625
0 0.85234375 0.853125 0.11953125 0.12265625
0 0.5640625 0.953125 0.08828125 0.09375
0 0.02421875 0.84375 0.0484375 0.125
0 0.6734375 0.96640625 0.09140625 0.06640625
0 0.9515625 0.51484375 0.09296875 0.22265625