0 0.615625 0.49453125 0.134375 0.1625
0 0.1984375 0.50859375 0.1421875 0.19765625
0 0.3640625 0.621875 0.1375 0.2453125
0 0.05546875 0.396875 0.1109375 0.15390625
0 0.1203125 0.7828125 0.16484375 0.2640625
0 0.415625 0.10078125 0.09296875 0.11875
0 0.85234375 0.6484375 0.16484375 0.17890625
0 0.58359375 0.28515625 0.1140625 0.1625
0 0.65078125 0.7734375 0.18125 0.25390625
0 0.39140625 0.3765625 0.11953125 0.1703125
0 0.4046875 0.22890625 0.103125 0.1328125
0 0.9078125 0.2890625 0.12578125 0.15
0 0.2390625 0.29921875 0.11953125 0.20390625
0 0.809375 0.04921875 0.09609375 0.09765625
0 0.29921875 0.05234375 0.08515625 0.10390625
0 0.28515625 0.16953125 0.09609375 0.12265625
0 0.0140625 0.60390625 0.028125 0.16015625
0 0.77734375 0.36796875 0.12890625 0.17890625
0 0.7390625 0.21640625 0.11953125 0.1125
0 0.58359375 0.12890625 0.09453125 0.11640625
0 0.85234375 0.146875 0.11953125 0.12265625
0 0.5640625 0.046875 0.08828125 0.09375
0 0.02421875 0.15625 0.0484375 0.125
0 0.6734375 0.03359375 0.09140625 0.06640625
0 0.9515625 0.48515625 0.09296875 0.22265625